2
60
80
95
13
22
74
91
31
51
6
73
84
32
31
72
60
97
12
99
42
64
14
82
99
61
98
63
56
52
40
76
81
64
2
73
73
24
20
28
37
26
18
39
33
68
85
72
78
87
86
44
50
6
3
100
40
17
37
85
51
73
59
33
33
35
35
3
14
60
24
49
22
22
90
58
95
25
96
79
29
85
58
89
26
99
86
50
86
74
83
22
37
29
19
93
69
39
77
72
42
67
92
51
56
51
61
18
58
87
69
23
89
35
18
16
57
87
79
39
15
64
86
76
63
87
40
23
14
71
10
92
48
98
88
40
67
80
31
40
82
40
70
7
40
58
70
3
52
62
66
36
15
66
43
82
69
48
8
83
35
39
32
32
77
81
66
52
76
48
65
93
66
85
50
42
61
90
49
24
42
2
79
60
98
40
36
26
93
73
91
22
66
57
3
10
23
89
10
69
47
21
62
85
92
91
95
32
54
33
36
60
50
8
62
84
51
51
69
74
68
32
13
12
64
49
40
87
2
63
51
23
8
11
13
10
76
36
67
85
42
9
2
60
87
35
50
15
87
8
46
16
45
27
79
57
